time(s),score,player,coin
12,0,23,186
0.0578606,0,1.25,null
0.0615502,0,1.25,null
0.0633406,0,1.25,null
0.0651058,0,1.25,null
0.06678469,0,1.25,null
0.06858689,0,1.25,null
0.07041439,0,1.25,null
0.07231399,0,1.25,null
0.0744127,0,1.25,null
0.07707909,0,1.25,null
0.07971939,0,1.25,null
0.08251829,0,1.25,null
0.084769,0,1.25,null
0.0866007,0,1.25,null
0.0889456,0,1.25,null
0.0918228,0,1.25,null
0.09430829,0,1.25,null
0.096145,0,1.25,null
0.09789079,0,1.25,null
0.0997576,0,1.25,null
0.101576,0,1.25,null
0.1036356,0,1.25,null
0.1054384,0,1.25,null
0.1076274,0,1.25,null
0.10959,0,1.25,null
0.111393,0,1.25,null
0.1130769,0,1.25,null
0.1147559,0,1.25,null
0.1164722,0,1.25,null
0.1186057,0,1.25,null
0.1210458,0,1.25,null
0.1233145,0,1.25,null
0.1259955,0,1.25,null
0.1284752,0,1.25,null
0.1311646,0,1.25,null
0.1334252,0,1.25,null
0.1355598,0,1.25,null
0.1383566,0,0.4709302,null
0.1405063,0,0.4709302,null
0.1425316,0,0.4709302,null
0.1446459,0,0.4709302,null
0.1465377,0,0.4709302,null
0.1484359,0,0.4709302,null
0.150236,0,0.4709302,null
0.1520571,0,0.4709302,null
0.1543346,0,0.4709302,null
0.1561403,0,0.4709302,null
0.1578713,0,0.4709302,null
0.1599983,0,0.4709302,null
0.1622083,0,0.4709302,null
0.1643623,0,0.4709302,null
0.1662587,0,0.4709302,null
0.1689645,0,0.4709302,null
0.1713569,0,0.4709302,null
0.1737692,0,0.4709302,null
0.1766707,0,0.4709302,null
0.1794846,0,0.4709302,null
0.1825697,0,0.4709302,null
0.1850595,0,0.4709302,null
0.1871713,0,0.4709302,null
0.1892409,0,0.4709302,null
0.1909528,0,0.4709302,null
0.193029,0,0.4709302,null
0.1948475,0,0.4709302,null
0.1969254,0,0.4709302,null
0.1989005,0,0.4709302,null
0.2009502,0,0.4709302,null
0.203109,0,0.4709302,null
0.2054721,0,0.4709302,null
0.2077755,0,0.4709302,null
0.2099878,0,0.4709302,null
0.211861,0,0.4709302,null
0.2144094,0,0.4709302,null
0.2169863,0,0.4709302,null
0.2197677,0,0.4709302,null
0.2231714,0,0.4709302,null
0.2259966,0,0.4709302,null
0.2278521,0,0.4709302,null
0.2301884,0,0.4593023,null
0.2318768,0,0.4593023,null
0.2334465,0,0.4593023,null
0.2348998,0,0.4593023,null
0.2367079,0,0.4593023,null
0.2382843,0,0.4593023,null
0.2397195,0,0.4593023,null
0.2411681,0,0.4593023,null
0.2429252,0,0.4593023,null
0.2449643,0,0.4593023,null
0.246988,0,0.4593023,null
0.2493472,0,0.4593023,null
0.251415,0,0.4593023,null
0.2532381,0,0.4593023,null
0.2548169,0,0.4593023,null
0.25626,0,0.4593023,null
0.2578029,0,0.4593023,null
0.2600208,0,0.4593023,null
0.2625089,0,0.4593023,null
0.2644598,0,0.4593023,null
0.2669013,0,0.4593023,null
0.2686343,0,0.4593023,null
0.2702355,0,0.4593023,null
0.2717434,0,0.4593023,null
0.2731679,0,0.4593023,null
0.2748924,0,0.4593023,null
0.277348,0,0.4418605,null
0.27927,0,0.4418605,null
0.2809069,0,0.4418605,null
0.2826973,0,0.4418605,null
0.2842679,0,0.4418605,null
0.285784,0,0.4418605,null
0.2872765,0,0.4418605,null
0.2889962,0,0.4418605,null
0.2910292,0,0.4418605,null
0.2940631,0,0.4418605,null
0.296004,0,0.4418605,null
0.298025,0,0.4418605,null
0.3000242,0,0.4418605,null
0.3016271,0,0.4418605,null
0.3045773,0,0.4418605,null
0.3061713,0,0.4418605,null
0.3084882,0,0.4418605,null
0.3107751,0,0.4418605,null
0.3129194,0,0.4418605,null
0.3150243,0,0.4418605,null
0.316608,0,0.4418605,null
0.3181659,0,0.4418605,null
0.3197587,0,0.4418605,null
0.3212515,0,0.4418605,null
0.3234257,0,0.4302326,null
0.3255877,0,0.4302326,null
0.3276449,0,0.4302326,null
0.3299628,0,0.4302326,null
0.3318591,0,0.4302326,null
0.3336123,0,0.4302326,null
0.3355187,0,0.4302326,null
0.3375657,0,0.4302326,null
0.3394006,0,0.4302326,null
0.3410513,0,0.4302326,null
0.343199,0,0.4302326,null
0.345421,0,0.4302326,null
0.346965,0,0.4302326,null
0.3487431,0,0.4302326,null
0.3503444,0,0.4302326,null
0.3518293,0,0.4302326,null
0.3544413,0,0.4302326,null
0.3563026,0,0.4302326,null
0.3587233,0,0.4302326,null
0.3612348,0,0.4302326,null
0.3629065,0,0.4302326,null
0.3644643,0,0.4302326,null
0.3660046,0,0.4302326,null
0.3675441,0,0.4302326,null
0.3693576,0,0.4302326,null
0.3714086,0,0.4186046,null
0.3730969,0,0.4186046,null
0.3749742,0,0.4186046,null
0.378262,0,0.4186046,null
0.3804921,0,0.4186046,null
0.3824752,0,0.4186046,null
0.3841005,0,0.4186046,null
0.3865088,0,0.4186046,null
0.3886432,0,0.4186046,null
0.3907502,0,0.4186046,null
0.392783,0,0.4186046,null
0.3945822,0,0.4186046,null
0.3962677,0,0.4186046,null
0.3979908,0,0.4186046,null
0.400053,0,0.4186046,null
0.4021215,0,0.4186046,null
0.4043094,0,0.4186046,null
0.4069047,0,0.4186046,null
0.4096134,0,0.4186046,null
0.4118921,0,0.4186046,null
0.4137733,0,0.4186046,null
0.4158185,0,0.4186046,null
0.4183972,0,0.4127907,null
0.420774,0,0.4127907,null
0.4232463,0,0.4127907,null
0.425297,0,0.4127907,null
0.4278553,0,0.4127907,null
0.4296303,0,0.4127907,null
0.4315615,0,0.4127907,null
0.4334824,0,0.4127907,null
0.4356322,0,0.4127907,null
0.4380511,0,0.4127907,null
0.4403695,0,0.4127907,null
0.4422268,0,0.4127907,null
0.4443192,0,0.4127907,null
0.4461224,0,0.4127907,null
0.4486969,0,0.4069767,null
0.4507177,0,0.4069767,null
0.4524852,0,0.4069767,null
0.4543272,0,0.4069767,null
0.4565934,0,0.4069767,null
0.4591402,0,0.4069767,null
0.4617931,0,0.4069767,null
0.4643369,0,0.4069767,null
0.4662058,0,0.4069767,null
0.468,0,0.4069767,null
0.4701742,0,0.4069767,null
0.4719609,0,0.4069767,null
0.4736945,0,0.4069767,null
0.4758002,0,0.4069767,null
0.4781591,0,0.4069767,null
0.4802987,0,0.4069767,null
0.4823358,0,0.4069767,null
0.4846626,0,0.4069767,null
0.486834,0,0.4069767,null
0.4889654,0,0.4069767,null
0.4911314,0,0.4069767,null
0.4934141,0,0.4069767,null
0.4956868,0,0.4069767,null
0.4978409,0,0.4069767,null
0.4997003,0,0.4069767,null
0.5015589,0,0.4069767,null
0.5038424,0,0.4069767,null
0.5077524,0,0.4069767,null
0.5102394,0,0.4069767,null
0.5123639,0,0.4069767,null
0.5141477,0,0.4069767,null
0.5157845,0,0.4069767,null
0.5176614,0,0.4069767,null
0.5194643,0,0.4069767,null
0.5211911,0,0.4069767,null
0.522918,0,0.4069767,null
0.5246688,0,0.4069767,null
0.5271751,0,0.4069767,null
0.5297104,0,0.4069767,null
0.5320247,0,0.4069767,null
0.5341423,0,0.4069767,null
0.5363833,0,0.4069767,null
0.5385067,0,0.4069767,null
0.5402622,0,0.4069767,null
0.5426295,0,0.4127907,null
0.5449901,0,0.4127907,null
0.5474927,0,0.4127907,null
0.5493342,0,0.4127907,null
0.551164,0,0.4127907,null
0.5528623,0,0.4127907,null
0.5547537,0,0.4127907,null
0.5564549,0,0.4127907,null
0.5586305,0,0.4127907,null
0.5612384,0,0.4127907,null
0.5633509,0,0.4127907,null
0.5651218,0,0.4127907,null
0.5668359,0,0.4127907,null
0.5690163,0,0.4127907,null
0.5715879,0,0.4127907,null
0.5736517,0,0.4127907,null
0.5762016,0,0.4127907,null
0.5789899,0,0.4127907,null
0.5809489,0,0.4127907,null
0.582827,0,0.4127907,null
0.5846651,0,0.4127907,null
0.586787,0,0.4127907,null
0.5895979,0,0.4360465,null
0.5922647,0,0.4360465,null
0.5942954,0,0.4360465,null
0.596439,0,0.4360465,null
0.5982396,0,0.4360465,null
0.6000881,0,0.4360465,null
0.6021371,0,0.4360465,null
0.6048545,0,0.4360465,null
0.6073239,0,0.4360465,null
0.6098292,0,0.4360465,null
0.6115761,0,0.4360465,null
0.6133063,0,0.4360465,null
0.6150112,0,0.4360465,null
0.6175762,0,0.4360465,null
0.6197627,0,0.4360465,null
0.6219732,0,0.4360465,null
0.6244106,0,0.4360465,null
0.6270078,0,0.4360465,null
0.6293631,0,0.4360465,null
0.6314963,0,0.4360465,null
0.6343418,0,0.4360465,null
0.6365564,0,0.4360465,null
0.6384363,0,0.4360465,null
0.6401365,0,0.4360465,null
0.6427538,0,0.4360465,null
0.645043,0,0.4360465,null
0.6470565,0,0.4360465,null
0.6493559,0,0.4360465,null
0.6512926,0,0.4360465,null
0.6530961,0,0.4360465,null
0.6549498,0,0.4360465,null
0.6570995,0,0.4360465,null
0.6590654,0,0.4360465,null
0.6610278,0,0.4360465,null
0.6628428,0,0.4360465,null
0.6653578,0,0.4360465,null
0.6678609,0,0.4360465,null
0.6701986,0,0.4360465,null
0.6728833,0,0.4360465,null
0.6751538,0,0.4360465,null
0.6776356,0,0.4360465,null
0.6800711,0,0.4476744,null
0.682481,0,0.4476744,null
0.6843335,0,0.4476744,null
0.6862999,0,0.4476744,null
0.6883591,0,0.4476744,null
0.6900403,0,0.4476744,null
0.6919004,0,0.4476744,null
0.6939408,0,0.4476744,null
0.6961843,0,0.4476744,null
0.6986591,0,0.4476744,null
0.7005761,0,0.4476744,null
0.7023028,0,0.4476744,null
0.7044479,0,0.4476744,null
0.7076555,0,0.4476744,null
0.7098451,0,0.4476744,null
0.7126147,0,0.4476744,null
0.7150151,0,0.4476744,null
0.7174315,0,0.4476744,null
0.720237,0,0.4476744,null
0.7220671,0,0.4476744,null
0.7239771,0,0.4476744,null
0.7270187,0,0.4825581,null
0.7294691,0,0.4825581,null
0.7312465,0,0.4825581,null
0.7329533,0,0.4825581,null
0.7347094,0,0.4825581,null
0.7365084,0,0.4825581,null
0.7382172,0,0.4825581,null
0.7460366,0,0.4825581,null
0.7481957,0,0.4825581,null
0.7500977,0,0.4825581,null
0.751838,0,0.4825581,null
0.7538181,0,0.4825581,null
0.7558055,0,0.4825581,null
0.7580746,0,0.4825581,null
0.7607751,0,0.4825581,null
0.7636789,0,0.4825581,null
0.7658734,0,0.4825581,null
0.7677835,0,0.4825581,null
0.7696119,0,0.4825581,null
0.7714043,0,0.4825581,null
0.7736968,0,0.4825581,null
0.776097,0,0.4825581,null
0.7787245,0,0.4825581,null
0.7806927,0,0.4825581,null
0.7823059,0,0.4825581,null
0.7837836,0,0.4825581,null
0.7852709,0,0.4825581,null
0.7869665,0,0.4825581,null
0.7887094,0,0.4825581,null
0.79028,0,0.4825581,null
0.7919335,0,0.4825581,null
0.7936876,0,0.4825581,null
0.7953665,0,0.4825581,null
0.797227,0,0.4825581,null
0.7990645,0,0.4825581,null
0.8008404,0,0.4825581,null
0.8025253,0,0.4825581,null
0.8042966,0,0.4825581,null
0.8060162,0,0.4825581,null
0.8089159,0,0.4825581,null
0.8114121,0,0.4825581,null
0.8131043,0,0.4825581,null
0.8146116,0,0.4825581,null
0.8161045,0,0.4825581,null
0.8176599,0,0.4825581,null
0.8191668,0,0.4825581,null
0.8215052,0,0.5,null
0.8232703,0,0.5,null
0.8252998,0,0.5,null
0.8275013,0,0.5,null
0.8292548,0,0.5,null
0.8307176,0,0.5,null
0.8323317,0,0.5,null
0.8338221,0,0.5,null
0.8355919,0,0.5,null
0.8375765,0,0.5,null
0.8395506,0,0.5,null
0.8416743,0,0.5,null
0.8440386,0,0.5,null
0.8459756,0,0.5,null
0.8476062,0,0.5,null
0.8492659,0,0.5,null
0.8511324,0,0.5,null
0.8533667,0,0.5,null
0.8552951,0,0.5,null
0.857847,0,0.5,null
0.859905,0,0.5,null
0.861572,0,0.5,null
0.8632105,0,0.5,null
0.8646787,0,0.5,null
0.8662606,0,0.5,null
0.8683384,0,0.5,null
0.8699857,0,0.5,null
0.8716298,0,0.5,null
0.8731173,0,0.5,null
0.8745614,0,0.5,null
0.8766696,0,0.5,null
0.8783576,0,0.5,null
0.8798987,0,0.5,null
0.8814914,0,0.5,null
0.8835443,0,0.5,null
0.8854687,0,0.5,null
0.8873803,0,0.5,null
0.8889659,0,0.5,null
0.8904162,0,0.5,null
0.8921702,0,0.5,null
0.8943827,0,0.5,null
0.896129,0,0.5,null
0.8979542,0,0.5,null
0.9001024,0,0.5,null
0.9020267,0,0.5,null
0.9041263,0,0.5,null
0.9061128,0,0.5,null
0.9096127,0,0.5,null
0.9112912,0,0.5,null
0.9131935,0,0.5,null
0.915038,0,0.5,null
0.9166288,0,0.5,null
0.9181826,0,0.5,null
0.9198071,0,0.5,null
0.9215181,0,0.5,null
0.9232352,0,0.5,null
0.925106,0,0.5,null
0.9272553,0,0.5,null
0.9299404,0,0.5,null
0.9317449,0,0.5,null
0.9333028,0,0.5,null
0.9348581,0,0.5,null
0.9369817,0,0.5,null
0.9391525,0,0.5,null
0.9408229,0,0.5,null
0.9424933,0,0.5,null
0.9451432,0,0.5,null
0.9473284,0,0.5,null
0.9492803,0,0.5,null
0.9511753,0,0.5,null
0.9530346,0,0.5,null
0.9545776,0,0.5,null
0.9561553,0,0.5,null
0.9576021,0,0.5,null
0.9598329,0,0.5,null
0.9630564,0,0.5,null
0.965476,0,0.5,null
0.9680334,0,0.5,null
0.970516,0,0.5,null
0.972313,0,0.5,null
0.9745864,0,0.5,null
0.9781626,0,0.5,null
0.9802603,0,0.5,null
0.982147,0,0.5,null
0.9843976,0,0.5,null
0.9864805,0,0.5,null
0.9884809,0,0.5,null
0.9908103,0,0.5,null
0.9930807,0,0.5,null
0.9953158,0,0.5,null
0.9974232,0,0.5,null
0.9995165,0,0.5,null
1.001233,0,0.5,null
1.003042,0,0.5,null
1.004926,0,0.5,null
1.007342,0,0.5,null
1.00973,0,0.5,null
1.011942,0,0.5,null
1.013867,0,0.5,null
1.016116,0,0.5,null
1.018265,0,0.5,null
1.020033,0,0.5,null
1.021978,0,0.5,null
1.02372,0,0.5,null
1.026088,0,0.5,null
1.028437,0,0.5,null
1.030493,0,0.5,null
1.032256,0,0.5,null
1.033955,0,0.5,null
1.036,0,0.5,null
1.038297,0,0.5,null
1.040521,0,0.5,null
1.043106,0,0.5,null
1.045253,0,0.5,null
1.047451,0,0.5,null
1.049288,0,0.5,null
1.051246,0,0.5,null
1.053699,0,0.4825581,null
1.056054,0,0.4825581,null
1.058098,0,0.4825581,null
1.060183,0,0.4825581,null
1.062147,0,0.4825581,null
1.064061,0,0.4825581,null
1.066193,0,0.4825581,null
1.068589,0,0.4825581,null
1.07089,0,0.4825581,null
1.072664,0,0.4825581,null
1.074405,0,0.4825581,null
1.076288,0,0.4825581,null
1.078091,0,0.4825581,null
1.079941,0,0.4825581,null
1.081733,0,0.4825581,null
1.083722,0,0.4825581,null
1.085897,0,0.4825581,null
1.08816,0,0.4825581,null
1.090398,0,0.4825581,null
1.092371,0,0.4825581,null
1.094287,0,0.4825581,null
1.096051,0,0.4825581,null
1.098372,0,0.4825581,null
1.101299,0,0.4651163,null
1.103522,0,0.4651163,null
1.105764,0,0.4651163,null
1.107797,0,0.4651163,null
1.111315,0,0.4651163,null
1.113087,0,0.4651163,null
1.114902,0,0.4651163,null
1.116873,0,0.4651163,null
1.118602,0,0.4651163,null
1.120335,0,0.4651163,null
1.122028,0,0.4651163,null
1.12378,0,0.4651163,null
1.125621,0,0.4651163,null
1.127612,0,0.4651163,null
1.129644,0,0.4651163,null
1.131779,0,0.4651163,null
1.133823,0,0.4651163,null
1.135958,0,0.4651163,null
1.138113,0,0.4651163,null
1.139863,0,0.4651163,null
1.141706,0,0.4651163,null
1.144479,0,0.4651163,null
1.147495,0,0.4418605,null
1.150105,0,0.4418605,null
1.152027,0,0.4418605,null
1.153809,0,0.4418605,null
1.155845,0,0.4418605,null
1.157587,0,0.4418605,null
1.159706,0,0.4418605,null
1.162032,0,0.4418605,null
1.163981,0,0.4418605,null
1.165959,0,0.4418605,null
1.168224,0,0.4418605,null
1.170318,0,0.4418605,null
1.172465,0,0.4418605,null
1.174162,0,0.4418605,null
1.176574,0,0.4418605,null
1.180279,0,0.4418605,null
1.182431,0,0.4418605,null
1.184245,0,0.4418605,null
1.186025,0,0.4418605,null
1.187778,0,0.4418605,null
1.189623,0,0.4418605,null
1.191502,0,0.4418605,null
1.194064,0,0.4418605,null
1.196321,0,0.4418605,null
1.198689,0,0.4418605,null
1.201216,0,0.4418605,null
1.20385,0,0.4418605,null
1.205909,0,0.4418605,null
1.207857,0,0.4418605,null
1.210505,0,0.3895349,null
1.212387,0,0.3895349,null
1.214106,0,0.3895349,null
1.215777,0,0.3895349,null
1.217577,0,0.3895349,null
1.219345,0,0.3895349,null
1.221149,0,0.3895349,null
1.222978,0,0.3895349,null
1.225745,0,0.3895349,null
1.228065,0,0.3895349,null
1.229851,0,0.3895349,null
1.23168,0,0.3895349,null
1.233542,0,0.3895349,null
1.235343,0,0.3895349,null
1.237317,0,0.3895349,null
1.2397,0,0.3895349,null
1.242088,0,0.3895349,null
1.244829,0,0.3895349,null
1.248257,0,0.3895349,null
1.250957,0,0.3895349,null
1.253328,0,0.3895349,null
1.255783,0,0.3662791,null
1.258934,0,0.3662791,null
1.261184,0,0.3662791,null
1.263144,0,0.3662791,null
1.264913,0,0.3662791,null
1.266591,0,0.3662791,null
1.268468,0,0.3662791,null
1.270239,0,0.3662791,null
1.272104,0,0.3662791,null
1.273833,0,0.3662791,null
1.275626,0,0.3662791,null
1.277625,0,0.3662791,null
1.279426,0,0.3662791,null
1.281122,0,0.3662791,null
1.282975,0,0.3662791,null
1.284721,0,0.3662791,null
1.286985,0,0.3662791,null
1.289275,0,0.3662791,null
1.291983,0,0.3662791,null
1.295016,0,0.3662791,null
1.297246,0,0.3662791,null
1.299074,0,0.3662791,null
1.300783,0,0.3662791,null
1.303286,0,0.3372093,null
1.305763,0,0.3372093,null
1.30776,0,0.3372093,null
1.309863,0,0.3372093,null
1.313223,0,0.3372093,null
1.314979,0,0.3372093,null
1.316674,0,0.3372093,null
1.318729,0,0.3372093,null
1.320708,0,0.3372093,null
1.322455,0,0.3372093,null
1.324174,0,0.3372093,null
1.326199,0,0.3372093,null
1.328135,0,0.3372093,null
1.330047,0,0.3372093,null
1.332176,0,0.3372093,null
1.334475,0,0.3372093,null
1.336893,0,0.3372093,null
1.339202,0,0.3372093,null
1.341798,0,0.3372093,null
1.344743,0,0.3372093,null
1.346771,0,0.3372093,null
1.348656,0,0.3372093,null
1.35128,0,0.3081395,null
1.353165,0,0.3081395,null
1.354946,0,0.3081395,null
1.356733,0,0.3081395,null
1.358632,0,0.3081395,null
1.360706,0,0.3081395,null
1.362426,0,0.3081395,null
1.364054,0,0.3081395,null
1.365883,0,0.3081395,null
1.367898,0,0.3081395,null
1.369516,0,0.3081395,null
1.371143,0,0.3081395,null
1.37282,0,0.3081395,null
1.374602,0,0.3081395,null
1.37664,0,0.3081395,null
1.378851,0,0.3081395,null
1.38079,0,0.3081395,null
1.382782,0,0.3081395,null
1.385219,0,0.3081395,null
1.387448,0,0.3081395,null
1.389284,0,0.3081395,null
1.390806,0,0.3081395,null
1.392456,0,0.3081395,null
1.394084,0,0.3081395,null
1.395612,0,0.3081395,null
1.397941,0,0.2906977,null
1.399909,0,0.2906977,null
1.401526,0,0.2906977,null
1.403108,0,0.2906977,null
1.404708,0,0.2906977,null
1.406254,0,0.2906977,null
1.407719,0,0.2906977,null
1.409375,0,0.2906977,null
1.411028,0,0.2906977,null
1.412659,0,0.2906977,null
1.414509,0,0.2906977,null
1.416551,0,0.2906977,null
1.418883,0,0.2906977,null
1.420632,0,0.2906977,null
1.422262,0,0.2906977,null
1.423802,0,0.2906977,null
1.425698,0,0.2906977,null
1.42818,0,0.2906977,null
1.430001,0,0.2906977,null
1.432144,0,0.2906977,null
1.433929,0,0.2906977,null
1.435519,0,0.2906977,null
1.437065,0,0.2906977,null
1.438595,0,0.2906977,null
1.440039,0,0.2906977,null
1.441726,0,0.2906977,null
1.444175,0,0.255814,null
1.445906,0,0.255814,null
1.447601,0,0.255814,null
1.44915,0,0.255814,null
1.450679,0,0.255814,null
1.452214,0,0.255814,null
1.45379,0,0.255814,null
1.455421,0,0.255814,null
1.457243,0,0.255814,null
1.459602,0,0.255814,null
1.461823,0,0.255814,null
1.463604,0,0.255814,null
1.465531,0,0.255814,null
1.467469,0,0.255814,null
1.469103,0,0.255814,null
1.470695,0,0.255814,null
1.472229,0,0.255814,null
1.473964,0,0.255814,null
1.476435,0,0.255814,null
1.478646,0,0.255814,null
1.480756,0,0.255814,null
1.482341,0,0.255814,null
1.483916,0,0.255814,null
1.485398,0,0.255814,null
1.487001,0,0.255814,null
1.488583,0,0.255814,null
1.490421,0,0.244186,null
1.492193,0,0.244186,null
1.493958,0,0.244186,null
1.495546,0,0.244186,null
1.497492,0,0.244186,null
1.499864,0,0.244186,null
1.501811,0,0.244186,null
1.503749,0,0.244186,null
1.505847,0,0.244186,null
1.507655,0,0.244186,null
1.509839,0,0.244186,null
1.511706,0,0.244186,null
1.5147,0,0.244186,null
1.516172,0,0.244186,null
1.517643,0,0.244186,null
1.519406,0,0.244186,null
1.521351,0,0.244186,null
1.523398,0,0.244186,null
1.525617,0,0.244186,null
1.527552,0,0.244186,null
1.529206,0,0.244186,null
1.530724,0,0.244186,null
1.532234,0,0.244186,null
1.533699,0,0.244186,null
1.535958,0,0.2383721,null
1.537761,0,0.2383721,null
1.539583,0,0.2383721,null
1.541501,0,0.2383721,null
1.544012,0,0.2383721,null
1.546481,0,0.2383721,null
1.548358,0,0.2383721,null
1.55025,0,0.2383721,null
1.552008,0,0.2383721,null
1.553711,0,0.2383721,null
1.555362,0,0.2383721,null
1.557057,0,0.2383721,null
1.558895,0,0.2383721,null
1.560722,0,0.2383721,null
1.562419,0,0.2383721,null
1.56428,0,0.2383721,null
1.566319,0,0.2383721,null
1.568468,0,0.2383721,null
1.570695,0,0.2383721,null
1.572579,0,0.2383721,null
1.574435,0,0.2383721,null
1.576684,0,0.2383721,null
1.579245,0,0.2383721,null
1.581892,0,0.2383721,null
1.584121,0,0.2383721,null
1.586281,0,0.2383721,null
1.588419,0,0.2383721,null
1.590287,0,0.2383721,null
1.592419,0,0.2383721,null
1.594697,0,0.2383721,null
1.596885,0,0.2383721,null
1.599084,0,0.2383721,null
1.601159,0,0.2383721,null
1.603389,0,0.2383721,null
1.605203,0,0.2383721,null
1.606882,0,0.2383721,null
1.608998,0,0.2383721,null
1.610972,0,0.2383721,null
1.613307,0,0.2383721,null
1.615329,0,0.2383721,null
1.6172,0,0.2383721,null
1.6189,0,0.2383721,null
1.620641,0,0.2383721,null
1.622294,0,0.2383721,null
1.624442,0,0.2383721,null
1.627483,0,0.2383721,null
1.629677,0,0.2383721,null
1.632018,0,0.2383721,null
1.633829,0,0.2383721,null
1.635656,0,0.2383721,null
1.637395,0,0.2383721,null
1.63912,0,0.2383721,null
1.640907,0,0.2383721,null
1.643172,0,0.2383721,null
1.645252,0,0.2383721,null
1.647494,0,0.2383721,null
1.649713,0,0.2383721,null
1.651764,0,0.2383721,null
1.653639,0,0.2383721,null
1.655543,0,0.2383721,null
1.657861,0,0.2383721,null
1.660175,0,0.25,null
1.662047,0,0.25,null
1.663745,0,0.25,null
1.665434,0,0.25,null
1.667109,0,0.25,null
1.668943,0,0.25,null
1.670746,0,0.25,null
1.672525,0,0.25,null
1.674373,0,0.25,null
1.676689,0,0.25,null
1.679063,0,0.25,null
1.681229,0,0.25,null
1.683141,0,0.25,null
1.684879,0,0.25,null
1.686757,0,0.25,null
1.688787,0,0.25,null
1.690819,0,0.25,null
1.693575,0,0.25,null
1.695652,0,0.25,null
1.697656,0,0.25,null
1.699365,0,0.25,null
1.701138,0,0.25,null
1.702934,0,0.25,null
1.705298,0,0.2674419,null
1.707712,0,0.2674419,null
1.70978,0,0.2674419,null
1.711579,0,0.2674419,null
1.713213,0,0.2674419,null
1.716406,0,0.2674419,null
1.718146,0,0.2674419,null
1.719947,0,0.2674419,null
1.722184,0,0.2674419,null
1.724401,0,0.2674419,null
1.72666,0,0.2674419,null
1.729246,0,0.2674419,null
1.731072,0,0.2674419,null
1.732883,0,0.2674419,null
1.734537,0,0.2674419,null
1.736722,0,0.2674419,null
1.73907,0,0.2674419,null
1.741482,0,0.2674419,null
1.744103,0,0.2674419,null
1.746145,0,0.2674419,null
1.747997,0,0.2674419,null
1.749806,0,0.2674419,null
1.752095,0,0.2790698,null
1.754512,0,0.2790698,null
1.756457,0,0.2790698,null
1.758148,0,0.2790698,null
1.760575,0,0.2790698,null
1.762306,0,0.2790698,null
1.764254,0,0.2790698,null
1.766693,0,0.2790698,null
1.769065,0,0.2790698,null
1.771034,0,0.2790698,null
1.772874,0,0.2790698,null
1.774641,0,0.2790698,null
1.777232,0,0.2790698,null
1.779105,0,0.2790698,null
1.780849,0,0.2790698,null
1.782813,0,0.2790698,null
1.784985,0,0.2790698,null
1.787641,0,0.2790698,null
1.789775,0,0.2790698,null
1.791779,0,0.2790698,null
1.793803,0,0.2790698,null
1.795549,0,0.2790698,null
1.79772,0,0.2965116,null
1.800357,0,0.2965116,null
1.802228,0,0.2965116,null
1.803958,0,0.2965116,null
1.805652,0,0.2965116,null
1.807661,0,0.2965116,null
1.809995,0,0.2965116,null
1.812396,0,0.2965116,null
1.814746,0,0.2965116,null
1.816839,0,0.2965116,null
1.818949,0,0.2965116,null
1.820734,0,0.2965116,null
1.822486,0,0.2965116,null
1.824176,0,0.2965116,null
1.82606,0,0.2965116,null
1.827988,0,0.2965116,null
1.830331,0,0.2965116,null
1.832631,0,0.2965116,null
1.834838,0,0.2965116,null
1.837011,0,0.2965116,null
1.839627,0,0.2965116,null
1.841888,0,0.2965116,null
1.844473,0,0.2965116,null
1.84664,0,0.3430233,null
1.848795,0,0.3430233,null
1.850971,0,0.3430233,null
1.852965,0,0.3430233,null
1.855072,0,0.3430233,null
1.856855,0,0.3430233,null
1.859027,0,0.3430233,null
1.861737,0,0.3430233,null
1.863714,0,0.3430233,null
1.865926,0,0.3430233,null
1.867849,0,0.3430233,null
1.869644,0,0.3430233,null
1.871434,0,0.3430233,null
1.873187,0,0.3430233,null
1.875333,0,0.3430233,null
1.877481,0,0.3430233,null
1.879467,0,0.3430233,null
1.881585,0,0.3430233,null
1.88359,0,0.3430233,null
1.885323,0,0.3430233,null
1.887123,0,0.3430233,null
1.888879,0,0.3430233,null
1.89074,0,0.3430233,null
1.89339,0,0.3662791,null
1.895688,0,0.3662791,null
1.898426,0,0.3662791,null
1.900703,0,0.3662791,null
1.902513,0,0.3662791,null
1.904392,0,0.3662791,null
1.906144,0,0.3662791,null
1.908459,0,0.3662791,null
1.910964,0,0.3662791,null
1.912881,0,0.3662791,null
1.914697,0,0.3662791,null
1.917896,0,0.3662791,null
1.919847,0,0.3662791,null
1.921924,0,0.3662791,null
1.924,0,0.3662791,null
1.926339,0,0.3662791,null
1.928737,0,0.3662791,null
1.930407,0,0.3662791,null
1.932015,0,0.3662791,null
1.933681,0,0.3662791,null
1.935511,0,0.3662791,null
1.937552,0,0.3662791,null
1.940305,0,0.3895349,null
1.942511,0,0.3895349,null
1.94455,0,0.3895349,null
1.946196,0,0.3895349,null
1.947721,0,0.3895349,null
1.949242,0,0.3895349,null
1.950808,0,0.3895349,null
1.952343,0,0.3895349,null
1.954048,0,0.3895349,null
1.95561,0,0.3895349,null
1.957164,0,0.3895349,null
1.958761,0,0.3895349,null
1.960535,0,0.3895349,null
1.962111,0,0.3895349,null
1.96356,0,0.3895349,null
1.965021,0,0.3895349,null
1.966426,0,0.3895349,null
1.968243,0,0.3895349,null
1.970453,0,0.3895349,null
1.972558,0,0.3895349,null
1.97566,0,0.3895349,null
1.978991,0,0.3895349,null
1.981762,0,0.3895349,null
1.984797,0,0.3895349,null
1.987038,0,0.3895349,null
1.989026,0,0.3895349,null
1.990625,0,0.3895349,null
1.992363,0,0.3895349,null
1.9942,0,0.3895349,null
1.995822,0,0.3895349,null
1.997314,0,0.3895349,null
1.999062,0,0.3895349,null
2.000679,0,0.3895349,null
2.002266,0,0.3895349,null
2.003786,0,0.3895349,null
2.005368,0,0.3895349,null
2.006997,0,0.3895349,null
2.00886,0,0.3895349,null
2.010802,0,0.3895349,null
2.012403,0,0.3895349,null
2.014366,0,0.3895349,null
2.016235,0,0.3895349,null
2.01838,0,0.3895349,null
2.020672,0,0.3895349,null
2.02273,0,0.3895349,null
2.024725,0,0.3895349,null
2.027287,0,0.3895349,null
2.029169,0,0.3895349,null
2.031128,0,0.4186046,null
2.032825,0,0.4186046,null
2.034353,0,0.4186046,null
2.035982,0,0.4186046,null
2.037545,0,0.4186046,null
2.039061,0,0.4186046,null
2.040629,0,0.4186046,null
2.042239,0,0.4186046,null
2.044113,0,0.4186046,null
2.045835,0,0.4186046,null
2.047782,0,0.4186046,null
2.049504,0,0.4186046,null
2.051109,0,0.4186046,null
2.052663,0,0.4186046,null
2.054183,0,0.4186046,null
2.055769,0,0.4186046,null
2.057643,0,0.4186046,null
2.059634,0,0.4186046,null
2.061684,0,0.4186046,null
2.063755,0,0.4186046,null
2.066071,0,0.4186046,null
2.06807,0,0.4186046,null
2.069902,0,0.4186046,null
2.07152,0,0.4186046,null
2.073035,0,0.4186046,null
2.074485,0,0.4186046,null
2.0769,0,0.4186046,null
2.079045,0,0.4186046,null
2.080724,0,0.4186046,null
2.082256,0,0.4186046,null
2.083776,0,0.4186046,null
2.085238,0,0.4186046,null
2.086738,0,0.4186046,null
2.088594,0,0.4186046,null
2.090104,0,0.4186046,null
2.091921,0,0.4186046,null
2.093997,0,0.4186046,null
2.095768,0,0.4186046,null
2.097538,0,0.4186046,null
2.099245,0,0.4186046,null
2.100984,0,0.4186046,null
2.103038,0,0.4186046,null
2.105297,0,0.4186046,null
2.107867,0,0.4186046,null
2.110489,0,0.4186046,null
2.113175,0,0.4186046,null
2.115315,0,0.4186046,null
2.118645,0,0.4186046,null
2.120676,0,0.4186046,null
2.122716,0,0.4186046,null
2.125226,0,0.4069767,null
2.127357,0,0.4069767,null
2.129228,0,0.4069767,null
2.13088,0,0.4069767,null
2.132616,0,0.4069767,null
2.134291,0,0.4069767,null
2.136285,0,0.4069767,null
2.138964,0,0.4069767,null
2.141116,0,0.4069767,null
2.14333,0,0.4069767,null
2.145648,0,0.4069767,null
2.147987,0,0.4069767,null
2.150237,0,0.4069767,null
2.152225,0,0.4069767,null
2.154272,0,0.4069767,null
2.156526,0,0.4069767,null
2.15942,0,0.4069767,null
2.162358,0,0.4069767,null
2.164261,0,0.4069767,null
2.166122,0,0.4069767,null
2.167948,0,0.4069767,null
2.170064,0,0.3953488,null
2.172225,0,0.3953488,null
2.174035,0,0.3953488,null
2.176008,0,0.3953488,null
2.177938,0,0.3953488,null
2.179757,0,0.3953488,null
2.181538,0,0.3953488,null
2.183407,0,0.3953488,null
2.185844,0,0.3953488,null
2.188119,0,0.3953488,null
2.190232,0,0.3953488,null
2.192591,0,0.3953488,null
2.194685,0,0.3953488,null
2.196493,0,0.3953488,null
2.198267,0,0.3953488,null
2.200028,0,0.3953488,null
2.202267,0,0.3953488,null
2.204366,0,0.3953488,null
2.206483,0,0.3953488,null
2.208815,0,0.3953488,null
2.210781,0,0.3953488,null
2.212639,0,0.3953488,null
2.214302,0,0.3953488,null
2.21638,0,0.3953488,null
2.218866,0,0.372093,null
2.220817,0,0.372093,null
2.222666,0,0.372093,null
2.224397,0,0.372093,null
2.226553,0,0.372093,null
2.228425,0,0.372093,null
2.230162,0,0.372093,null
2.231874,0,0.372093,null
2.234216,0,0.372093,null
2.236355,0,0.372093,null
2.23844,0,0.372093,null
2.240272,0,0.372093,null
2.242038,0,0.372093,null
2.244411,0,0.372093,null
2.246189,0,0.372093,null
2.248236,0,0.372093,null
2.250246,0,0.372093,null
2.252359,0,0.372093,null
2.254615,0,0.372093,null
2.256574,0,0.372093,null
2.258638,0,0.372093,null
2.260534,0,0.372093,null
2.26246,0,0.372093,null
2.26517,0,0.3546512,null
2.268067,0,0.3546512,null
2.270622,0,0.3546512,null
2.272786,0,0.3546512,null
2.275356,0,0.3546512,null
2.277862,0,0.3546512,null
2.280249,0,0.3546512,null
2.28233,0,0.3546512,null
2.284241,0,0.3546512,null
2.286113,0,0.3546512,null
2.288064,0,0.3546512,null
2.289953,0,0.3546512,null
2.29196,0,0.3546512,null
2.295025,0,0.3546512,null
2.297459,0,0.3546512,null
2.299844,0,0.3546512,null
2.302216,0,0.3546512,null
2.304587,0,0.3546512,null
2.306603,0,0.3546512,null
2.308943,0,0.3546512,null
2.31168,0,0.3313954,null
2.313749,0,0.3313954,null
2.315751,0,0.3313954,null
2.319256,0,0.3313954,null
2.322294,0,0.3313954,null
2.325722,0,0.3313954,null
2.329078,0,0.3313954,null
2.331064,0,0.3313954,null
2.333025,0,0.3313954,null
2.334696,0,0.3313954,null
2.336573,0,0.3313954,null
2.338442,0,0.3313954,null
2.34019,0,0.3313954,null
2.34264,0,0.3313954,null
2.345102,0,0.3313954,null
2.347437,0,0.3313954,null
2.349691,0,0.3313954,null
2.351686,0,0.3313954,null
2.35351,0,0.3313954,null
2.355245,0,0.3313954,null
2.357308,0,0.3313954,null
2.359844,0,0.3081395,null
2.361731,0,0.3081395,null
2.363522,0,0.3081395,null
2.365217,0,0.3081395,null
2.366987,0,0.3081395,null
2.368835,0,0.3081395,null
2.37063,0,0.3081395,null
2.37227,0,0.3081395,null
2.374259,0,0.3081395,null
2.376798,0,0.3081395,null
2.379465,0,0.3081395,null
2.382528,0,0.3081395,null
2.385269,0,0.3081395,null
2.387742,0,0.3081395,null
2.390191,0,0.3081395,null
2.392559,0,0.3081395,null
2.394583,0,0.3081395,null
2.396332,0,0.3081395,null
2.398067,0,0.3081395,null
2.39972,0,0.3081395,null
2.401444,0,0.3081395,null
2.403232,0,0.3081395,null
2.405141,0,0.3081395,null
2.407086,0,0.3081395,null
2.409193,0,0.3081395,null
2.411161,0,0.3081395,null
2.413023,0,0.3081395,null
2.41487,0,0.3081395,null
2.416831,0,0.3081395,null
2.418865,0,0.3081395,null
2.421209,0,0.3081395,null
2.42354,0,0.3081395,null
2.426141,0,0.3081395,null
2.4292,0,0.3081395,null
2.431121,0,0.3081395,null
2.433019,0,0.3081395,null
2.43472,0,0.3081395,null
2.43702,0,0.2790698,null
2.439182,0,0.2790698,null
2.440905,0,0.2790698,null
2.443269,0,0.2790698,null
2.445167,0,0.2790698,null
2.446944,0,0.2790698,null
2.448854,0,0.2790698,null
2.450634,0,0.2790698,null
2.452669,0,0.2790698,null
2.454713,0,0.2790698,null
2.456795,0,0.2790698,null
2.459528,0,0.2790698,null
2.461774,0,0.2790698,null
2.463822,0,0.2790698,null
2.465613,0,0.2790698,null
2.467632,0,0.2790698,null
2.46964,0,0.2790698,null
2.471837,0,0.2790698,null
2.473991,0,0.2790698,null
2.476291,0,0.2790698,null
2.478552,0,0.2790698,null
2.480457,0,0.2790698,null
2.482198,0,0.2790698,null
2.484583,0,0.2674419,null
2.486671,0,0.2674419,null
2.488668,0,0.2674419,null
2.490391,0,0.2674419,null
2.492227,0,0.2674419,null
2.49428,0,0.2674419,null
2.496017,0,0.2674419,null
2.498021,0,0.2674419,null
2.499861,0,0.2674419,null
2.501721,0,0.2674419,null
2.503715,0,0.2674419,null
2.506199,0,0.2674419,null
2.508221,0,0.2674419,null
2.510042,0,0.2674419,null
2.511731,0,0.2674419,null
2.513503,0,0.2674419,null
2.515464,0,0.2674419,null
2.517674,0,0.2674419,null
2.521096,0,0.2674419,null
2.522681,0,0.2674419,null
2.524263,0,0.2674419,null
2.525866,0,0.2674419,null
2.527688,0,0.2674419,null
2.529852,0,0.2674419,null
2.531528,0,0.2674419,null
2.533044,0,0.2674419,null
2.534437,0,0.2674419,null
2.536118,0,0.2674419,null
2.538307,0,0.2674419,null
2.540031,0,0.2674419,null
2.541649,0,0.2674419,null
2.543699,0,0.2674419,null
2.545865,0,0.2674419,null
2.548003,0,0.2674419,null
2.550061,0,0.2674419,null
2.55165,0,0.2674419,null
2.55325,0,0.2674419,null
2.55482,0,0.2674419,null
2.556352,0,0.2674419,null
2.557866,0,0.2674419,null
2.559795,0,0.2674419,null
2.562081,0,0.2674419,null
2.564156,0,0.2674419,null
2.566257,0,0.2674419,null
2.567982,0,0.2674419,null
2.569643,0,0.2674419,null
2.571433,0,0.2674419,null
2.572931,0,0.2674419,null
2.574955,0,0.2790698,null
2.577301,0,0.2790698,null
2.578988,0,0.2790698,null
2.580472,0,0.2790698,null
2.582008,0,0.2790698,null
2.583671,0,0.2790698,null
2.585393,0,0.2790698,null
2.58722,0,0.2790698,null
2.589022,0,0.2790698,null
2.590801,0,0.2790698,null
2.5931,0,0.2790698,null
2.595047,0,0.2790698,null
2.597085,0,0.2790698,null
2.598969,0,0.2790698,null
2.600724,0,0.2790698,null
2.602343,0,0.2790698,null
2.603906,0,0.2790698,null
2.605716,0,0.2790698,null
2.607749,0,0.2790698,null
2.609947,0,0.2790698,null
2.612149,0,0.2790698,null
2.613815,0,0.2790698,null
2.615385,0,0.2790698,null
2.617488,0,0.2790698,null
2.619255,0,0.2790698,null
2.620778,0,0.2790698,null
2.622706,0,0.2906977,null
2.62433,0,0.2906977,null
2.626092,0,0.2906977,null
2.627812,0,0.2906977,null
2.629338,0,0.2906977,null
2.630743,0,0.2906977,null
2.632242,0,0.2906977,null
2.633846,0,0.2906977,null
2.635602,0,0.2906977,null
2.637942,0,0.2906977,null
2.639819,0,0.2906977,null
2.641459,0,0.2906977,null
2.64377,0,0.2906977,null
2.64548,0,0.2906977,null
2.647186,0,0.2906977,null
2.648767,0,0.2906977,null
2.650248,0,0.2906977,null
2.651792,0,0.2906977,null
2.65357,0,0.2906977,null
2.655454,0,0.2906977,null
2.65746,0,0.2906977,null
2.659528,0,0.2906977,null
2.661346,0,0.2906977,null
2.66286,0,0.2906977,null
2.664666,0,0.2906977,null
2.666472,0,0.2906977,null
2.669127,0,0.3023256,null
2.671312,0,0.3023256,null
2.673066,0,0.3023256,null
2.674725,0,0.3023256,null
2.677156,0,0.3023256,null
2.679456,0,0.3023256,null
2.681466,0,0.3023256,null
2.683471,0,0.3023256,null
2.68529,0,0.3023256,null
2.687194,0,0.3023256,null
2.689001,0,0.3023256,null
2.690637,0,0.3023256,null
2.692794,0,0.3023256,null
2.695326,0,0.3023256,null
2.697559,0,0.3023256,null
2.700018,0,0.3023256,null
2.702423,0,0.3023256,null
2.704975,0,0.3023256,null
2.70736,0,0.3023256,null
2.709281,0,0.3023256,null
2.711186,0,0.3023256,null
2.712957,0,0.3023256,null
2.714977,0,0.3197674,null
2.716874,0,0.3197674,null
2.71881,0,0.3197674,null
2.722402,0,0.3197674,null
2.724643,0,0.3197674,null
2.726835,0,0.3197674,null
2.728853,0,0.3197674,null
2.730764,0,0.3197674,null
2.732529,0,0.3197674,null
2.734152,0,0.3197674,null
2.735876,0,0.3197674,null
2.737614,0,0.3197674,null
2.739304,0,0.3197674,null
2.740915,0,0.3197674,null
2.742779,0,0.3197674,null
2.744981,0,0.3197674,null
2.747211,0,0.3197674,null
2.749458,0,0.3197674,null
2.751621,0,0.3197674,null
2.753698,0,0.3197674,null
2.755434,0,0.3197674,null
2.757188,0,0.3197674,null
2.759042,0,0.3197674,null
2.761322,0,0.3430233,null
2.763843,0,0.3430233,null
2.765875,0,0.3430233,null
2.768224,0,0.3430233,null
2.770284,0,0.3430233,null
2.772071,0,0.3430233,null
2.773823,0,0.3430233,null
2.775998,0,0.3430233,null
2.778869,0,0.3430233,null
2.781306,0,0.3430233,null
2.783201,0,0.3430233,null
2.784974,0,0.3430233,null
2.786971,0,0.3430233,null
2.788906,0,0.3430233,null
2.790598,0,0.3430233,null
2.792752,0,0.3430233,null
2.794834,0,0.3430233,null
2.796904,0,0.3430233,null
2.799041,0,0.3430233,null
2.801178,0,0.3430233,null
2.803081,0,0.3430233,null
2.804848,0,0.3430233,null
2.806494,0,0.3430233,null
2.808534,0,0.377907,null
2.811347,0,0.377907,null
2.813596,0,0.377907,null
2.816048,0,0.377907,null
2.818248,0,0.377907,null
2.820042,0,0.377907,null
2.821736,0,0.377907,null
2.823819,0,0.377907,null
2.826465,0,0.377907,null
2.828431,0,0.377907,null
2.83012,0,0.377907,null
2.831753,0,0.377907,null
2.833427,0,0.377907,null
2.835058,0,0.377907,null
2.836978,0,0.377907,null
2.838987,0,0.377907,null
2.841375,0,0.377907,null
2.844308,0,0.377907,null
2.846489,0,0.377907,null
2.848604,0,0.377907,null
2.850305,0,0.377907,null
2.852224,0,0.377907,null
2.854038,0,0.377907,null
2.856829,0,0.4011628,null
2.859796,0,0.4011628,null
2.862808,0,0.4011628,null
2.864769,0,0.4011628,null
2.866981,0,0.4011628,null
2.868794,0,0.4011628,null
2.870729,0,0.4011628,null
2.872806,0,0.4011628,null
2.87551,0,0.4011628,null
2.878063,0,0.4011628,null
2.880011,0,0.4011628,null
2.881964,0,0.4011628,null
2.884081,0,0.4011628,null
2.885873,0,0.4011628,null
2.88915,0,0.4186046,null
2.891828,0,0.4186046,null
2.894101,0,0.4186046,null
2.8959,0,0.4186046,null
2.897871,0,0.4186046,null
2.900428,0,0.4186046,null
2.902689,0,0.4186046,null
2.905128,0,0.4186046,null
2.907596,0,0.4186046,null
2.909932,0,0.4186046,null
2.91196,0,0.4186046,null
2.913768,0,0.4186046,null
2.915826,0,0.4186046,null
2.917801,0,0.4186046,null
2.920011,0,0.4186046,null
2.924428,0,0.4186046,null
2.92673,0,0.4186046,null
2.928699,0,0.4186046,null
2.93082,0,0.4186046,null
2.932641,0,0.4186046,null
2.934802,0,0.4244186,null
2.936706,0,0.4244186,null
2.945283,0,0.4244186,null
2.947638,0,0.4244186,null
2.950044,0,0.4244186,null
2.952309,0,0.4244186,null
2.955044,0,0.4244186,null
2.956853,0,0.4244186,null
2.958841,0,0.4244186,null
2.961145,0,0.4244186,null
2.963021,0,0.4244186,null
2.965063,0,0.4244186,null
2.967367,0,0.4244186,null
2.969827,0,0.4244186,null
2.972345,0,0.4244186,null
2.974911,0,0.4244186,null
2.978133,0,0.4244186,null
2.980505,0,0.4244186,null
2.982663,0,0.4244186,null
2.984888,0,0.4244186,null
2.987097,0,0.4244186,null
2.989165,0,0.4244186,null
2.991118,0,0.4244186,null
2.993574,0,0.4244186,null
2.99558,0,0.4244186,null
2.997669,0,0.4244186,null
2.99985,0,0.4244186,null
3.00216,0,0.4244186,null
3.005586,0,0.4244186,null
3.007599,0,0.4244186,null
3.010093,0,0.4244186,null
3.013633,0,0.4244186,null
3.016581,0,0.4244186,null
3.018651,0,0.4244186,null
3.020656,0,0.4244186,null
3.022486,0,0.4244186,null
3.024337,0,0.4244186,null
3.026557,0,0.4127907,null
3.029275,0,0.4127907,null
3.03154,0,0.4127907,null
3.033758,0,0.4127907,null
3.035835,0,0.4127907,null
3.037731,0,0.4127907,null
3.039875,0,0.4127907,null
3.042258,0,0.4127907,null
3.044858,0,0.4127907,null
3.04715,0,0.4127907,null
3.049493,0,0.4127907,null
3.051516,0,0.4127907,null
3.053368,0,0.4127907,null
3.055222,0,0.4127907,null
3.057068,0,0.4127907,null
3.059264,0,0.4127907,null
3.061605,0,0.4127907,null
3.063617,0,0.4127907,null
3.065851,0,0.4127907,null
3.067839,0,0.4127907,null
3.069564,0,0.4127907,null
3.071183,0,0.4127907,null
3.07317,0,0.4011628,null
3.074984,0,0.4011628,null
3.077062,0,0.4011628,null
3.078754,0,0.4011628,null
3.080474,0,0.4011628,null
3.082284,0,0.4011628,null
3.084243,0,0.4011628,null
3.086184,0,0.4011628,null
3.088205,0,0.4011628,null
3.08997,0,0.4011628,null
3.091733,0,0.4011628,null
3.093958,0,0.4011628,null
3.095756,0,0.4011628,null
3.097385,0,0.4011628,null
3.099006,0,0.4011628,null
3.100524,0,0.4011628,null
3.102084,0,0.4011628,null
3.103977,0,0.4011628,null
3.106235,0,0.4011628,null
3.108794,0,0.4011628,null
3.110815,0,0.4011628,null
3.112863,0,0.4011628,null
3.114693,0,0.4011628,null
3.116338,0,0.4011628,null
3.118017,0,0.4011628,null
3.120059,0,0.3895349,null
3.123389,0,0.3895349,null
3.125476,0,0.3895349,null
3.128096,0,0.3895349,null
3.130025,0,0.3895349,null
3.131659,0,0.3895349,null
3.133342,0,0.3895349,null
3.135327,0,0.3895349,null
3.137372,0,0.3895349,null
3.139182,0,0.3895349,null
3.140745,0,0.3895349,null
3.142453,0,0.3895349,null
3.144512,0,0.3895349,null
3.146755,0,0.3895349,null
3.148608,0,0.3895349,null
3.150409,0,0.3895349,null
3.152442,0,0.3895349,null
3.154546,0,0.3895349,null
3.156475,0,0.3895349,null
3.158167,0,0.3895349,null
3.160133,0,0.3895349,null
3.161797,0,0.3895349,null
3.163389,0,0.3895349,null
3.165201,0,0.3895349,null
3.167615,0,0.3546512,null
3.169748,0,0.3546512,null
3.171472,0,0.3546512,null
3.173057,0,0.3546512,null
3.174669,0,0.3546512,null
3.177225,0,0.3546512,null
3.179151,0,0.3546512,null
3.18081,0,0.3546512,null
3.182788,0,0.3546512,null
3.184659,0,0.3546512,null
3.186284,0,0.3546512,null
3.187937,0,0.3546512,null
3.18955,0,0.3546512,null
3.191121,0,0.3546512,null
3.193142,0,0.3546512,null
3.195179,0,0.3546512,null
3.197125,0,0.3546512,null
3.199232,0,0.3546512,null
3.20134,0,0.3546512,null
3.203455,0,0.3546512,null
3.205132,0,0.3546512,null
3.206865,0,0.3546512,null
3.209031,0,0.3546512,null
3.211701,0,0.3546512,null
3.214094,0,0.3372093,null
3.215989,0,0.3372093,null
3.217705,0,0.3372093,null
3.219302,0,0.3372093,null
3.220895,0,0.3372093,null
3.222538,0,0.3372093,null
3.224195,0,0.3372093,null
3.226748,0,0.3372093,null
3.228917,0,0.3372093,null
3.230763,0,0.3372093,null
3.23259,0,0.3372093,null
3.234307,0,0.3372093,null
3.236188,0,0.3372093,null
3.238034,0,0.3372093,null
3.239857,0,0.3372093,null
3.241811,0,0.3372093,null
3.244456,0,0.3372093,null
3.247621,0,0.3372093,null
3.249927,0,0.3372093,null
3.252154,0,0.3372093,null
3.254093,0,0.3372093,null
3.256077,0,0.3372093,null
3.257836,0,0.3372093,null
3.260683,0,0.3255814,null
3.263015,0,0.3255814,null
3.265432,0,0.3255814,null
3.267762,0,0.3255814,null
3.269819,0,0.3255814,null
3.271742,0,0.3255814,null
3.273941,0,0.3255814,null
3.276298,0,0.3255814,null
3.278279,0,0.3255814,null
3.280131,0,0.3255814,null
3.281874,0,0.3255814,null
3.283685,0,0.3255814,null
3.285524,0,0.3255814,null
3.287556,0,0.3255814,null
3.289518,0,0.3255814,null
3.291769,0,0.3255814,null
3.294199,0,0.3255814,null
3.29654,0,0.3255814,null
3.298651,0,0.3255814,null
3.300553,0,0.3255814,null
3.302601,0,0.3255814,null
3.304752,0,0.3255814,null
3.308076,0,0.3139535,null
3.311023,0,0.3139535,null
3.313456,0,0.3139535,null
3.315444,0,0.3139535,null
3.317267,0,0.3139535,null
3.319201,0,0.3139535,null
3.32142,0,0.3139535,null
3.325146,0,0.3139535,null
3.327291,0,0.3139535,null
3.329288,0,0.3139535,null
3.331115,0,0.3139535,null
3.332866,0,0.3139535,null
3.334614,0,0.3139535,null
3.336837,0,0.3139535,null
3.339358,0,0.3139535,null
3.342168,0,0.3139535,null
3.345292,0,0.3139535,null
3.34749,0,0.3139535,null
3.349489,0,0.3139535,null
3.352968,0,0.3081395,null
3.356071,0,0.3081395,null
3.358585,0,0.3081395,null
3.36133,0,0.3081395,null
3.363325,0,0.3081395,null
3.365167,0,0.3081395,null
3.367169,0,0.3081395,null
3.369489,0,0.3081395,null
3.371739,0,0.3081395,null
3.373909,0,0.3081395,null
3.376228,0,0.3081395,null
3.378325,0,0.3081395,null
3.380337,0,0.3081395,null
3.382316,0,0.3081395,null
3.384823,0,0.3081395,null
3.387701,0,0.3081395,null
3.389729,0,0.3081395,null
3.39157,0,0.3081395,null
3.393729,0,0.3081395,null
3.395587,0,0.3081395,null
3.397445,0,0.3081395,null
3.399396,0,0.3081395,null
3.401619,0,0.3081395,null
3.404169,0,0.3081395,null
3.406865,0,0.3081395,null
3.409402,0,0.3081395,null
3.411754,0,0.3081395,null
3.41382,0,0.3081395,null
3.416277,0,0.3139535,null
3.418301,0,0.3139535,null
3.420173,0,0.3139535,null
3.422019,0,0.3139535,null
3.423931,0,0.3139535,null
3.425916,0,0.3139535,null
3.428471,0,0.3139535,null
3.430319,0,0.3139535,null
3.432817,0,0.3139535,null
3.434966,0,0.3139535,null
3.436963,0,0.3139535,null
3.438944,0,0.3139535,null
3.440859,0,0.3139535,null
3.443066,0,0.3139535,null
3.445215,0,0.3139535,null
3.447898,0,0.3139535,null
3.451084,0,0.3139535,null
3.453721,0,0.3139535,null
3.45568,0,0.3139535,null
3.457606,0,0.3139535,null
3.46035,0,0.3139535,null
3.462927,0,0.3255814,null
3.466033,0,0.3255814,null
3.468419,0,0.3255814,null
3.470343,0,0.3255814,null
3.472192,0,0.3255814,null
3.474044,0,0.3255814,null
3.476049,0,0.3255814,null
3.477998,0,0.3255814,null
3.479972,0,0.3255814,null
3.481835,0,0.3255814,null
3.483704,0,0.3255814,null
3.485666,0,0.3255814,null
3.487879,0,0.3255814,null
3.490092,0,0.3255814,null
3.49282,0,0.3255814,null
3.495277,0,0.3255814,null
3.497591,0,0.3255814,null
3.499861,0,0.3255814,null
3.501709,0,0.3255814,null
3.503679,0,0.3255814,null
3.505458,0,0.3255814,null
3.507391,0,0.3255814,null
3.51009,0,0.3372093,null
3.512368,0,0.3372093,null
3.514583,0,0.3372093,null
3.516452,0,0.3372093,null
3.518287,0,0.3372093,null
3.520084,0,0.3372093,null
3.521983,0,0.3372093,null
3.525595,0,0.3372093,null
3.527753,0,0.3372093,null
3.529674,0,0.3372093,null
3.532091,0,0.3372093,null
3.534668,0,0.3372093,null
3.53688,0,0.3372093,null
3.539236,0,0.3372093,null
3.542186,0,0.3372093,null
3.545176,0,0.3372093,null
3.547834,0,0.3372093,null
3.549892,0,0.3372093,null
3.551792,0,0.3372093,null
3.553829,0,0.3372093,null
3.555956,0,0.3546512,null
3.558264,0,0.3546512,null
3.560985,0,0.3546512,null
3.563303,0,0.3546512,null
3.565636,0,0.3546512,null
3.568047,0,0.3546512,null
3.570434,0,0.3546512,null
3.573302,0,0.3546512,null
3.575945,0,0.3546512,null
3.578387,0,0.3546512,null
3.580613,0,0.3546512,null
3.582871,0,0.3546512,null
3.58512,0,0.3546512,null
3.587876,0,0.3546512,null
3.590554,0,0.3546512,null
3.594054,0,0.3546512,null
3.597233,0,0.3546512,null
3.599535,0,0.3546512,null
3.602006,0,0.3546512,null
3.604705,0,0.3546512,null
3.606951,0,0.3546512,null
3.609798,0,0.3546512,null
3.612102,0,0.3546512,null
3.61445,0,0.3546512,null
3.617201,0,0.3546512,null
3.619867,0,0.3546512,null
3.622095,0,0.3546512,null
3.624748,0,0.3546512,null
3.628403,0,0.3546512,null
3.631238,0,0.3546512,null
3.634215,0,0.3546512,null
3.638297,0,0.3546512,null
3.641047,0,0.3546512,null
3.644536,0,0.3546512,null
3.647092,0,0.3546512,null
3.649293,0,0.3546512,null
3.651345,0,0.3546512,null
3.653071,0,0.3546512,null
3.65512,0,0.3546512,null
3.65682,0,0.3546512,null
3.658793,0,0.3546512,null
3.660752,0,0.3546512,null
3.662778,0,0.3546512,null
3.66456,0,0.3546512,null
3.666389,0,0.3546512,null
3.668095,0,0.3546512,null
3.669909,0,0.3546512,null
3.672259,0,0.3546512,null
3.674184,0,0.3546512,null
3.676829,0,0.3546512,null
3.678664,0,0.3546512,null
3.680974,0,0.3546512,null
3.683033,0,0.3546512,null
3.685065,0,0.3546512,null
3.686729,0,0.3546512,null
3.688591,0,0.3546512,null
3.690465,0,0.3546512,null
3.692269,0,0.3546512,null
3.694455,0,0.3546512,null
3.697073,0,0.3546512,null
3.699087,0,0.3546512,null
3.701166,0,0.3546512,null
3.702916,0,0.3546512,null
3.704545,0,0.3546512,null
3.70612,0,0.3546512,null
3.707661,0,0.3546512,null
3.709796,0,0.3546512,null
3.711698,0,0.3546512,null
3.713624,0,0.3546512,null
3.715452,0,0.3546512,null
3.717683,0,0.3546512,null
3.719535,0,0.3546512,null
3.72116,0,0.3546512,null
3.722821,0,0.3546512,null
3.727163,0,0.3546512,null
3.72905,0,0.3546512,null
3.730673,0,0.3546512,null
3.732383,0,0.3546512,null
3.734274,0,0.3546512,null
3.736122,0,0.3546512,null
3.737824,0,0.3546512,null
3.739832,0,0.3546512,null
3.741412,0,0.3546512,null
3.743649,0,0.3546512,null
3.745368,0,0.3546512,null
3.747383,0,0.3546512,null
3.749022,0,0.3546512,null
3.750696,0,0.3546512,null
3.752359,0,0.3546512,null
3.754022,0,0.3546512,null
3.756069,0,0.3546512,null
3.757932,0,0.3546512,null
3.760967,0,0.3546512,null
3.763163,0,0.3546512,null
3.764886,0,0.3546512,null
3.766472,0,0.3546512,null
3.768109,0,0.3546512,null
3.769877,0,0.3546512,null
3.771792,0,0.3546512,null
3.773399,0,0.3546512,null
3.775611,0,0.3546512,null
3.777516,0,0.3546512,null
3.77944,0,0.3546512,null
3.781093,0,0.3546512,null
3.78273,0,0.3546512,null
3.78433,0,0.3546512,null
3.785919,0,0.3546512,null
3.78802,0,0.3546512,null
3.790135,0,0.3546512,null
3.792864,0,0.3546512,null
3.795325,0,0.3546512,null
3.797429,0,0.3546512,null
3.799358,0,0.3546512,null
3.801217,0,0.3546512,null
3.803302,0,0.3546512,null
3.80517,0,0.3546512,null
3.807339,0,0.3546512,null
3.809659,0,0.3546512,null
3.812502,0,0.3546512,null
3.814685,0,0.3546512,null
3.816594,0,0.3546512,null
3.818773,0,0.3546512,null
3.820681,0,0.3546512,null
3.822818,0,0.3546512,null
3.825239,0,0.3546512,null
3.827416,0,0.3546512,null
3.829363,0,0.3546512,null
3.831237,0,0.3546512,null
3.833365,0,0.3546512,null
3.835176,0,0.3546512,null
3.837486,0,0.3546512,null
3.839505,0,0.3546512,null
3.841571,0,0.3546512,null
3.843714,0,0.3546512,null
3.845609,0,0.3546512,null
3.847467,0,0.3546512,null
3.849825,0,0.3546512,null
3.852057,0,0.3546512,null
3.854685,0,0.3546512,null
3.856889,0,0.3546512,null
3.859118,0,0.3546512,null
3.861537,0,0.3546512,null
3.863474,0,0.3546512,null
3.865501,0,0.3546512,null
3.867369,0,0.3546512,null
3.869632,0,0.3546512,null
3.87163,0,0.3546512,null
3.873825,0,0.3546512,null
3.875849,0,0.3546512,null
3.877822,0,0.3546512,null
3.88004,0,0.3546512,null
3.882926,0,0.3546512,null
3.885239,0,0.3546512,null
3.887293,0,0.3546512,null
3.889604,0,0.3546512,null
3.891558,0,0.3546512,null
3.894045,0,0.3546512,null
3.896509,0,0.3546512,null
3.898437,0,0.3546512,null
3.900544,0,0.3546512,null
3.903015,0,0.3546512,null
3.904968,0,0.3546512,null
3.906779,0,0.3546512,null
3.908849,0,0.3546512,null
3.911652,0,0.3546512,null
3.913474,0,0.3546512,null
3.915436,0,0.3546512,null
3.917631,0,0.3546512,null
3.919968,0,0.3546512,null
3.921799,0,0.3546512,null
3.923662,0,0.3546512,null
3.925704,0,0.3546512,null
3.92823,0,0.3546512,null
3.930005,0,0.3546512,null
3.931848,0,0.3546512,null
3.933813,0,0.3546512,null
3.936197,0,0.3546512,null
3.938694,0,0.3546512,null
3.940805,0,0.3546512,null
3.943257,0,0.3546512,null
3.945143,0,0.3546512,null
3.94691,0,0.3546512,null
3.949227,0,0.3546512,null
3.951499,0,0.3546512,null
3.95357,0,0.3546512,null
3.955459,0,0.3546512,null
3.957531,0,0.3546512,null
3.959508,0,0.3546512,null
3.961509,0,0.3546512,null
3.963606,0,0.3546512,null
3.966829,0,0.3546512,null
3.969805,0,0.3546512,null
3.97252,0,0.3546512,null
3.974971,0,0.3546512,null
3.977524,0,0.3546512,null
3.979853,0,0.3546512,null
3.982801,0,0.3546512,null
3.984802,0,0.3546512,null
3.986816,0,0.3546512,null
3.988969,0,0.3546512,null
3.990868,0,0.3546512,null
3.993008,0,0.3546512,null
3.995254,0,0.3546512,null
3.997766,0,0.3546512,null
3.999825,0,0.3546512,null
4.002156,0,0.3546512,null
4.004252,0,0.3546512,null
4.00638,0,0.3546512,null
4.008182,0,0.3546512,null
4.010421,0,0.3546512,null
4.013134,0,0.3546512,null
4.015042,0,0.3546512,null
4.016965,0,0.3546512,null
4.018841,0,0.3546512,null
4.020998,0,0.3546512,null
4.022851,0,0.3546512,null
4.024727,0,0.3546512,null
4.027568,0,0.3546512,null
4.030049,0,0.3546512,null
4.032308,0,0.3546512,null
4.035069,0,0.3546512,null
4.037094,0,0.3546512,null
4.039026,0,0.3546512,null
4.0409,0,0.3546512,null
4.043456,0,0.3546512,null
4.045326,0,0.3546512,null
4.04712,0,0.3546512,null
4.049062,0,0.3546512,null
4.051224,0,0.3546512,null
4.053149,0,0.3546512,null
4.055063,0,0.3546512,null
4.056945,0,0.3546512,null
4.059575,0,0.3546512,null
4.061731,0,0.3546512,null
4.063604,0,0.3546512,null
4.065479,0,0.3546512,null
4.067665,0,0.3546512,null
4.069568,0,0.3546512,null
4.071734,0,0.3546512,null
4.074289,0,0.3546512,null
4.0777,0,0.3546512,null
4.079736,0,0.3546512,null
4.081598,0,0.3546512,null
4.083784,0,0.3546512,null
4.08566,0,0.3546512,null
4.087778,0,0.3546512,null
4.089844,0,0.3546512,null
4.092098,0,0.3546512,null
4.094326,0,0.3546512,null
4.096245,0,0.3546512,null
4.098076,0,0.3546512,null
4.100389,0,0.3546512,null
4.102232,0,0.3546512,null
4.104089,0,0.3546512,null
4.10599,0,0.3546512,null
4.108158,0,0.3546512,null
4.11032,0,0.3546512,null
4.112116,0,0.3546512,null
4.11418,0,0.3546512,null
4.11594,0,0.3546512,null
4.117841,0,0.3546512,null
4.119634,0,0.3546512,null
4.122334,0,0.3546512,null
4.125213,0,0.3546512,null
4.128159,0,0.3546512,null
4.130548,0,0.3546512,null
4.13236,0,0.3546512,null
4.134161,0,0.3546512,null
4.135991,0,0.3546512,null
4.138438,0,0.3546512,null
4.140265,0,0.3546512,null
4.142337,0,0.3546512,null
4.144775,0,0.3546512,null
4.146687,0,0.3546512,null
4.148598,0,0.3546512,null
4.150393,0,0.3546512,null
4.152796,0,0.3546512,null
4.154807,0,0.3546512,null
4.156621,0,0.3546512,null
4.158468,0,0.3546512,null
4.160707,0,0.3546512,null
4.162416,0,0.3546512,null
4.164128,0,0.3546512,null
4.165956,0,0.3546512,null
4.167801,0,0.3546512,null
4.170153,0,0.3546512,null
4.171861,0,0.3546512,null
4.173392,0,0.3546512,null
4.174942,0,0.3546512,null
4.177461,0,0.3546512,null
4.179212,0,0.3546512,null
4.180825,0,0.3546512,null
4.182719,0,0.3546512,null
4.184659,0,0.3546512,null
4.186645,0,0.3546512,null
4.18843,0,0.3546512,null
4.190029,0,0.3546512,null
4.191987,0,0.3546512,null
4.19376,0,0.3546512,null
4.195386,0,0.3546512,null
4.196943,0,0.3546512,null
4.198828,0,0.3546512,null
4.2009,0,0.3546512,null
4.202703,0,0.3546512,null
4.204333,0,0.3546512,null
4.205836,0,0.3546512,null
4.208175,0,0.3546512,null
4.210308,0,0.3546512,null
4.212453,0,0.3546512,null
4.214684,0,0.3546512,null
4.216418,0,0.3546512,null
4.218088,0,0.3546512,null
4.219672,0,0.3546512,null
4.221288,0,0.3546512,null
4.223306,0,0.3546512,null
4.225984,0,0.3546512,null
4.227818,0,0.3546512,null
4.229455,0,0.3546512,null
4.231218,0,0.3546512,null
4.233159,0,0.3546512,null
4.235077,0,0.3546512,null
4.236855,0,0.3546512,null
4.23894,0,0.3546512,null
4.240585,0,0.3546512,null
4.24226,0,0.3546512,null
4.244201,0,0.3546512,null
4.2461,0,0.3546512,null
4.248038,0,0.3546512,null
4.249832,0,0.3546512,null
4.251652,0,0.3546512,null
4.254149,0,0.3546512,null
4.255902,0,0.3546512,null
4.257447,0,0.3546512,null
4.259325,0,0.3546512,null
4.261944,0,0.3546512,null
4.263622,0,0.3546512,null
4.265474,0,0.3546512,null
4.267035,0,0.3546512,null
4.269146,0,0.3546512,null
4.270797,0,0.3546512,null
4.272399,0,0.3546512,null
4.273861,0,0.3546512,null
4.275517,0,0.3546512,null
4.2775,0,0.3546512,null
4.279171,0,0.3546512,null
4.280812,0,0.3546512,null
4.282487,0,0.3546512,null
4.284035,0,0.3546512,null
4.28593,0,0.3546512,null
4.28757,0,0.3546512,null
4.289195,0,0.3546512,null
4.290724,0,0.3546512,null
4.292537,0,0.3546512,null
4.295035,0,0.3546512,null
4.297776,0,0.3546512,null
4.299493,0,0.3546512,null
4.301051,0,0.3546512,null
4.302738,0,0.3546512,null
4.304294,0,0.3546512,null
4.30578,0,0.3546512,null
4.307405,0,0.3546512,null
4.309351,0,0.3546512,null
4.311654,0,0.3546512,null
4.313509,0,0.3546512,null
4.31517,0,0.3546512,null
4.316934,0,0.3546512,null
4.319282,0,0.3546512,null
4.321355,0,0.3546512,null
4.32334,0,0.3546512,null
4.326532,0,0.3546512,null
4.328722,0,0.3546512,null
4.33236,0,0.3546512,null
4.335061,0,0.3546512,null
4.337098,0,0.3546512,null
4.339583,0,0.3546512,null
4.341767,0,0.3546512,null
4.34402,0,0.3546512,null
4.346099,0,0.3546512,null
4.348162,0,0.3546512,null
4.350025,0,0.3546512,null
4.351956,0,0.3546512,null
4.353754,0,0.3546512,null
4.355733,0,0.3546512,null
4.358394,0,0.3546512,null
4.361115,0,0.3546512,null
4.363536,0,0.3546512,null
4.36587,0,0.3546512,null
4.368326,0,0.3546512,null
4.370283,0,0.3546512,null
4.372274,0,0.3546512,null
4.37399,0,0.3546512,null
4.376187,0,0.3546512,null
4.378681,0,0.3546512,null
4.380893,0,0.3546512,null
4.383531,0,0.3546512,null
4.385552,0,0.3546512,null
4.387558,0,0.3546512,null
4.389758,0,0.3546512,null
4.391506,0,0.3546512,null
4.393345,0,0.3546512,null
4.395025,0,0.3546512,null
4.396668,0,0.3546512,null
4.398279,0,0.3546512,null
4.399898,0,0.3546512,null
4.401533,0,0.3546512,null
4.403372,0,0.3546512,null
4.405357,0,0.3546512,null
4.407124,0,0.3546512,null
4.408955,0,0.3546512,null
4.410864,0,0.3546512,null
4.412626,0,0.3546512,null
4.414238,0,0.3546512,null
4.415852,0,0.3546512,null
4.417442,0,0.3546512,null
4.419096,0,0.3546512,null
4.421435,0,0.3546512,null
4.423852,0,0.3546512,null
4.426888,0,0.3546512,null
4.42937,0,0.3546512,null
4.431211,0,0.3546512,null
4.432943,0,0.